Alabama[48.93617021276596, 8.51063829787234, 42.5531914893617, 47]
Alaska[38.552540013917884, 16.075156576200417, 45.372303409881695, 1437]
Arizona[30.627306273062732, 14.391143911439114, 54.981549815498155, 271]
Arkansas[33.16195372750643, 20.95115681233933, 45.88688946015424, 778]
California[38.427947598253276, 21.397379912663755, 40.174672489082965, 229]
Colorado[39.75240715268226, 18.982118294360383, 41.26547455295736, 727]
Connecticut[37.41721854304636, 10.927152317880795, 51.65562913907284, 302]
Delaware[26.27450980392157, 10.84967320261438, 62.87581699346405, 765]
Florida[36.38814016172507, 15.902964959568733, 47.7088948787062, 371]
Georgia[21.723896285914506, 12.543798177995797, 65.7323055360897, 1427]
Hawaii[26.02131438721137, 13.0550621669627, 60.92362344582594, 1126]
Idaho[41.15942028985507, 20.579710144927535, 38.26086956521739, 345]
Illinois[26.89210950080515, 11.352657004830919, 61.75523349436393, 1242]
Indiana[19.74405850091408, 12.614259597806216, 67.64168190127971, 547]
Iowa[29.03225806451613, 14.746543778801843, 56.22119815668203, 434]
Kansas[21.024049650892167, 12.878200155159039, 66.0977501939488, 1289]
Kentucky[34.96503496503497, 24.895104895104893, 40.13986013986014, 715]
Louisiana[42.25941422594142, 16.736401673640167, 41.00418410041841, 239]
Maine[45.867768595041326, 18.87052341597796, 35.26170798898072, 726]
Maryland[41.24809741248097, 14.916286149162861, 43.83561643835616, 657]
Massachusetts[44.6875, 19.0625, 36.25, 320]
Michigan[37.38656987295826, 23.049001814882033, 39.56442831215971, 551]
Minnesota[25.43352601156069, 10.404624277456648, 64.16184971098265, 346]
Mississippi[42.3469387755102, 19.387755102040817, 38.265306122448976, 196]
Missouri[26.89295039164491, 13.838120104438643, 59.268929503916446, 383]
Montana[44.3609022556391, 14.285714285714285, 41.35338345864661, 266]
Nebraska[21.70731707317073, 14.146341463414632, 64.14634146341463, 410]
Nevada[20.965058236272878, 11.896838602329451, 67.13810316139767, 1202]
New Hampshire[33.33333333333333, 19.806763285024154, 46.85990338164252, 207]
New Jersey[37.423312883435585, 11.65644171779141, 50.920245398773, 163]
New Mexico[39.83739837398374, 14.227642276422763, 45.9349593495935, 246]
New York[33.98533007334964, 19.315403422982886, 46.69926650366748, 409]
North Carolina[39.30555555555556, 13.472222222222221, 47.22222222222222, 720]
North Dakota[21.458254627880617, 12.69361541367586, 65.84812995844352, 2647]
Ohio[38.31460674157303, 24.269662921348313, 37.41573033707865, 890]
Oklahoma[21.42126789366053, 12.678936605316974, 65.8997955010225, 1956]
Oregon[23.614274867122248, 14.123006833712983, 62.26271829916477, 1317]
Pennsylvania[33.33333333333333, 12.878787878787879, 53.78787878787878, 132]
Rhode Island[29.714285714285715, 18.285714285714285, 52.0, 350]
South Carolina[24.702380952380953, 15.327380952380953, 59.970238095238095, 672]
South Dakota[24.701195219123505, 17.928286852589643, 57.37051792828686, 251]
Tennessee[36.7816091954023, 13.136288998357964, 50.08210180623974, 1218]
Texas[22.031473533619454, 12.732474964234623, 65.23605150214593, 699]
Utah[35.294117647058826, 28.15126050420168, 36.554621848739494, 238]
Vermont[22.0, 14.727272727272728, 63.272727272727266, 550]
Virginia[39.23076923076923, 16.73076923076923, 44.03846153846154, 1040]
Washington[36.57142857142857, 22.285714285714285, 41.14285714285714, 175]
West Virginia[34.563520227111425, 21.00780695528744, 44.42867281760113, 1409]
Wisconsin[20.770519262981573, 13.400335008375208, 65.82914572864321, 597]
Wyoming[34.033149171270715, 21.215469613259668, 44.751381215469614, 905]
